function Cm = mom(alpha, th)
% MOM  Calculates the Pitching Moment Coefficient (Cm) for the NM80 blade airfoil.
% This function utilizes relative thickness-specific lookup tables and linear 
% interpolation to determine Cm based on the local angle of attack.
%
% Inputs:
%   alpha - Angle of attack [degrees] (Scalar or Vector)
%   th    - Relative thickness [%] (Scalar or Vector)
%
% Output:
%   Cm    - Pitching moment coefficient [-]
%
% Table Structure (4 Columns):
%   Col 1: Alpha [deg] | Col 2: Cl [-] | Col 3: Cd [-] | Col 4: Cm [-]

% --- Airfoil Data Tables for Specific Thicknesses ---

% NACA 63-415 (15% thickness)
tabel15 = [
-180.00000   0.00000   0.10000   0.00000
-170.00000   0.80000   0.24000   0.40000
-150.00000   0.80000   0.58000   0.32500
-120.00000   0.49000   1.06000   0.32500
 -90.00000  -0.11400   1.30000   0.32500
 -60.00000  -0.75500   1.06000   0.32500
 -30.00000  -1.20000   0.45000   0.22000
 -20.00000  -1.20000   0.20000   0.05000
 -15.00000  -1.12000   0.10000   0.00000
 -10.00000  -0.90000   0.01200   0.00000
  -6.00000  -0.50000   0.00140  -0.03750
  -2.00000  -0.03000   0.00100  -0.06600
   2.00000   0.48000   0.00100  -0.07800
   4.00000   0.73000   0.00120  -0.08400
   6.00000   0.95000   0.00140  -0.09000
   8.00000   1.15000   0.00160  -0.09000
  10.00000   1.29500   0.00200  -0.09000
  12.00000   1.32500   0.00400  -0.09000
  14.00000   1.34500   0.04800  -0.09000
  16.00000   1.31830   0.08200  -0.09000
  18.00000   1.25660   0.12950  -0.09670
  20.00000   1.19500   0.17700  -0.10330
  25.00000   1.10000   0.32000  -0.12000
  30.00000   1.09000   0.51000  -0.14000
  40.00000   1.06000   0.69000  -0.18000
  50.00000   0.93000   0.90000  -0.22000
  60.00000   0.75500   1.06000  -0.26000
  70.00000   0.55500   1.18000  -0.29250
  80.00000   0.34000   1.26000  -0.32500
  90.00000   0.11400   1.30000  -0.32500
 100.00000  -0.11000   1.27000  -0.32500
 120.00000  -0.49000   1.06000  -0.32500
 150.00000  -0.80000   0.58000  -0.32500
 170.00000  -0.80000   0.24000  -0.40000
 180.00000   0.00000   0.10000   0.00000];

% NACA 63-418 (18% thickness)
tabel18 = [
-180.00000   0.00000   0.10000   0.00000
-170.00000   0.80000   0.24000   0.40000
-150.00000   0.80000   0.58000   0.32500
-120.00000   0.49000   1.06000   0.32500
 -90.00000  -0.11400   1.30000   0.32500
 -60.00000  -0.75500   1.06000   0.32500
 -30.00000  -1.20000   0.45000   0.22000
 -20.00000  -1.20000   0.20000   0.05000
 -15.00000  -1.13000   0.10000   0.00000
 -10.00000  -0.92000   0.01200   0.00000
  -6.00000  -0.49000   0.00140  -0.03750
  -2.00000  -0.02000   0.00100  -0.06600
   2.00000   0.48000   0.00100  -0.07800
   4.00000   0.73000   0.00120  -0.08400
   6.00000   0.95000   0.00140  -0.09000
   8.00000   1.15000   0.00160  -0.09000
  10.00000   1.29000   0.00200  -0.09000
  12.00000   1.33000   0.00400  -0.09000
  14.00000   1.34000   0.04800  -0.09000
  16.00000   1.31670   0.08200  -0.09000
  18.00000   1.27330   0.12300  -0.09670
  20.00000   1.23000   0.16400  -0.10330
  25.00000   1.18000   0.32000  -0.12000
  30.00000   1.12000   0.50000  -0.14000
  40.00000   1.06000   0.69000  -0.18000
  50.00000   0.93000   0.90000  -0.22000
  60.00000   0.75500   1.06000  -0.26000
  70.00000   0.55500   1.18000  -0.29250
  80.00000   0.34000   1.26000  -0.32500
  90.00000   0.11400   1.30000  -0.32500
 100.00000  -0.11000   1.27000  -0.32500
 120.00000  -0.49000   1.06000  -0.32500
 150.00000  -0.80000   0.58000  -0.32500
 170.00000  -0.80000   0.24000  -0.40000
 180.00000   0.00000   0.10000   0.00000];

% NACA 63-421 (21% thickness)
tabel21 = [
-180.00000   0.00000   0.10000   0.00000
-170.00000   0.80000   0.24000   0.40000
-150.00000   0.80000   0.58000   0.32500
-120.00000   0.49000   1.06000   0.32500
 -90.00000  -0.11400   1.30000   0.32500
 -60.00000  -0.75500   1.06000   0.32500
 -30.00000  -1.20000   0.45000   0.22000
 -20.00000  -1.20000   0.20000   0.05000
 -15.00000  -1.15000   0.10000   0.00000
 -10.00000  -0.90000   0.01200   0.00000
  -6.00000  -0.50000   0.00140  -0.03750
  -2.00000  -0.04000   0.00100  -0.06600
   2.00000   0.47000   0.00100  -0.07800
   4.00000   0.71000   0.00120  -0.08400
   6.00000   0.94000   0.00140  -0.09000
   8.00000   1.14000   0.00160  -0.09000
  10.00000   1.29000   0.00200  -0.09000
  12.00000   1.34000   0.00400  -0.09000
  14.00000   1.34330   0.04800  -0.09000
  16.00000   1.31670   0.08200  -0.09000
  18.00000   1.30000   0.14000  -0.09670
  20.00000   1.26670   0.18000  -0.10330
  25.00000   1.18330   0.30000  -0.12000
  30.00000   1.14000   0.48000  -0.14000
  40.00000   1.06000   0.69000  -0.18000
  50.00000   0.93000   0.90000  -0.22000
  60.00000   0.75500   1.06000  -0.26000
  70.00000   0.55500   1.18000  -0.29250
  80.00000   0.34000   1.26000  -0.32500
  90.00000   0.11400   1.30000  -0.32500
 100.00000  -0.11000   1.27000  -0.32500
 120.00000  -0.49000   1.06000  -0.32500
 150.00000  -0.80000   0.58000  -0.32500
 170.00000  -0.80000   0.24000  -0.40000
 180.00000   0.00000   0.10000   0.00000];

% NACA 63-624 (24% thickness)
tabel24 = [   
-180.00000   0.00000   0.10000   0.00000
-170.00000   0.80000   0.24000   0.40000
-150.00000   0.80000   0.58000   0.32500
-120.00000   0.49000   1.06000   0.32500
 -90.00000  -0.11400   1.30000   0.32500
 -60.00000  -0.75500   1.06000   0.32500
 -30.00000  -1.20000   0.45000   0.22000
 -20.00000  -1.20000   0.20000   0.05000
 -15.00000  -1.14000   0.10000   0.00000
 -10.00000  -0.88000   0.01200   0.00000
  -6.00000  -0.48000   0.00900  -0.03750
  -2.00000  -0.01000   0.00600  -0.06600
   2.00000   0.46000   0.00600  -0.07800
   4.00000   0.68000   0.00700  -0.08400
   6.00000   0.89500   0.00700  -0.09000
   8.00000   1.06000   0.00700  -0.09000
  10.00000   1.16000   0.00800  -0.09000
  12.00000   1.20000   0.00850  -0.09000
  14.00000   1.20000   0.03370  -0.09000
  16.00000   1.20000   0.05240  -0.09000
  18.00000   1.20000   0.09220  -0.09670
  20.00000   1.18330   0.11630  -0.10330
  25.00000   1.16170   0.19760  -0.12000
  30.00000   1.15000   0.31870  -0.14000
  40.00000   1.06000   0.55000  -0.18000
  50.00000   0.93000   0.78653  -0.22000
  60.00000   0.75500   0.93111  -0.26000
  70.00000   0.55500   1.18000  -0.29250
  80.00000   0.34000   1.26000  -0.32500
  90.00000   0.11400   1.30000  -0.32500
 100.00000  -0.11000   1.27000  -0.32500
 120.00000  -0.49000   1.06000  -0.32500
 150.00000  -0.80000   0.58000  -0.32500
 170.00000  -0.80000   0.24000  -0.40000
 180.00000   0.00000   0.10000   0.00000];

% FFA-W3-400 (40% thickness)
